#From Example Page in Example Folder image

#Commands to run:

colAr=[[134,402],[402,471],[471,593],[593,719],[719,840],[840,962],[962,1088],[1088,1211],[1211,1335],[1335,1448]]
rowAr=[[310,438],[438,486],[486,516],[516,545],[545,569],[569,593],[593,621],[621,648],[648,674],[674,700],[700,727],[727,754],[754,780],[780,809],[809,831],[831,856],[856,885],[885,910],[910,940],[940,965],[965,991],[991,1017],[1017,1043],[1043,1070],[1070,1096],[1096,1123],[1123,1149],[1149,1175],[1175,1201],[1201,1227],[1227,1253],[1253,1279],[1279,1305],[1305,1331],[1331,1357],[1357,1383],[1383,1415],[1415,1440],[1440,1468],[1468,1491],[1491,1520],[1520,1547],[1547,1574],[1574,1600],[1600,1626],[1626,1654],[1654,1678],[1678,1707],[1707,1733],[1733,1755],[1755,1784],[1784,1810],[1810,1836],[1836,1864],[1864,1893]]

Cellularize.cellularize_Page_colrow("/home/schmilly/ProfComp3200_38Project/Examples/PageExport.png",colAr,rowAr)

#Output after running all images via OCR is the CSV in same folder
